0.42857142857142855, 493049
0.5714285714285714, 491571
0.7142857142857143, 396439
0.2857142857142857, 254383
0.8571428571428571, 175651
0.14285714285714285, 56510
1.0, 32592
[0.2857142857142857, 28753
[0.42857142857142855, 15437
[0.14285714285714285, 14081
[0.7142857142857143, 8505
0] 7153
5] 7137
[0.5714285714285714, 7069
8] 6631
7] 6543
4] 6539
9] 6467
2] 6367
3] 6322
1] 6302
10] 6296
6] 6086
12] 5999
[0.8571428571428571, 4401
11] 1981
[1.0, 919
0.4256559766763849, 309
0.43440233236151604, 299
0.5, 253
0.717201166180758, 248
0.6428571428571429, 231
0.7084548104956269, 216
0.43148688046647227, 185
0.446064139941691, 175
0.39067055393586003, 172
0.4169096209912536, 167
0.705539358600583, 167
0.43731778425655976, 166
0.3994169096209913, 160
0.41399416909620995, 157
0.565597667638484, 157
0.5685131195335277, 153
0.6967930029154518, 151
0.4227405247813411, 149
0.4489795918367347, 146
0.38775510204081637, 145
0.3177842565597668, 140
0.5772594752186588, 139
0.3032069970845481, 138
0.7259475218658892, 137
0.5743440233236151, 136
0.7113702623906706, 132
0.7434402332361516, 131
0.5072886297376094, 130
0.35714285714285715, 129
0.4693877551020408, 129
0.7521865889212828, 129
0.4431486880466472, 127
0.3323615160349854, 125
0.7288629737609329, 125
0.40233236151603496, 123
0.4052478134110787, 122
0.2886297376093294, 119
0.282798833819242, 116
0.673469387755102, 115
0.6822157434402332, 112
0.2944606413994169, 111
0.5568513119533528, 106
0.36443148688046645, 103
0.5860058309037901, 103
0.3760932944606414, 102
0.44023323615160354, 100
0.5306122448979592, 95
0.6122448979591837, 95
0.6997084548104956, 95
0.7405247813411078, 95
0.3790087463556851, 94
0.7551020408163265, 93
0.7201166180758017, 89
0.3206997084548105, 87
0.3556851311953353, 86
0.6005830903790087, 86
0.3527696793002915, 85
0.5801749271137027, 85
0.7230320699708456, 83
0.5626822157434402, 82
0.6938775510204082, 81
0.5422740524781341, 80
0.8250728862973761, 78
0.7959183673469388, 77
0.3819241982507289, 75
0.7857142857142857, 75
0.30612244897959184, 74
0.6676384839650146, 74
0.2915451895043732, 72
0.553935860058309, 72
0.5889212827988338, 72
0.7871720116618075, 72
0.3615160349854228, 71
0.4752186588921283, 70
0.7376093294460642, 70
0.4110787172011662, 69
0.4606413994169096, 69
0.6501457725947521, 69
0.33819241982507287, 68
0.34402332361516036, 68
0.3731778425655977, 68
0.6880466472303207, 68
0.6530612244897959, 67
0.7026239067055393, 67
0.5597667638483965, 64
0.6705539358600584, 64
0.27405247813411077, 63
0.41982507288629733, 63
0.4198250728862974, 63
0.48396501457725943, 62
0.7696793002915452, 61
0.34693877551020413, 60
0.6618075801749271, 59
0.5364431486880467, 58
0.30029154518950435, 57
0.3352769679300292, 57
0.7667638483965015, 57
0.8104956268221574, 57
0.6355685131195336, 56
0.7638483965014576, 56
0.8542274052478135, 56
0.8600583090379008, 56
0.3090379008746356, 55
0.45772594752186585, 55
0.47813411078717205, 55
0.6355685131195334, 55
0.3177842565597667, 54
0.5830903790087464, 54
0.46355685131195334, 53
0.4810495626822157, 53
0.46064139941690957, 52
0.8425655976676385, 52
0.3119533527696793, 51
0.32653061224489793, 51
0.3411078717201166, 51
0.3469387755102041, 51
0.4897959183673469, 51
0.521865889212828, 51
0.6239067055393586, 51
0.685131195335277, 51
0.8134110787172012, 51
0.6793002915451894, 50
0.40816326530612246, 49
0.45481049562682213, 49
0.760932944606414, 49
0.8483965014577259, 49
0.3294460641399417, 48
0.5189504373177842, 48
0.6180758017492712, 48
0.6268221574344023, 47
0.7405247813411079, 47
0.4723032069970845, 46
0.4927113702623907, 46
0.7900874635568513, 46
0.36734693877551017, 45
0.5335276967930029, 45
0.5918367346938774, 45
0.2594752186588921, 44
0.5102040816326531, 44
0.5481049562682215, 44
0.7813411078717201, 43
0.8688046647230321, 42
0.45189504373177847, 41
0.4635568513119534, 41
0.5451895043731778, 41
0.7317784256559766, 41
0.8396501457725948, 41
0.4868804664723032, 40
0.49854227405247814, 40
0.696793002915452, 40
0.7784256559766763, 40
0.32944606413994165, 39
0.8075801749271136, 39
0.37026239067055394, 38
0.7346938775510203, 38
0.27113702623906705, 37
0.47230320699708456, 37
0.5160349854227405, 37
0.5247813411078718, 37
0.6064139941690962, 37
0.8221574344023324, 37
0.8513119533527698, 37
0.6384839650145773, 36
0.39941690962099125, 35
0.5393586005830904, 35
0.6326530612244898, 35
0.6151603498542274, 34
0.6588921282798834, 34
0.29737609329446063, 33
0.5276967930029154, 33
0.6443148688046646, 33
0.6793002915451896, 33
0.836734693877551, 33
0.7755102040816327, 32
0.8163265306122449, 32
0.5947521865889213, 31
0.6588921282798833, 31
0.8046647230320699, 31
0.8396501457725947, 31
0.7988338192419825, 29
0.6034985422740525, 28
0.6209912536443148, 28
0.6909620991253644, 28
0.60932944606414, 27
[0.2886297376093294, 27
0.5043731778425656, 26
0.6647230320699709, 26
0.8338192419825072, 26
0.4460641399416909, 25
0.49562682215743437, 25
0.5510204081632653, 25
0.7725947521865889, 25
0.24781341107871718, 24
0.3965014577259475, 24
0.5510204081632654, 24
0.2653061224489796, 23
0.629737609329446, 23
0.6938775510204083, 23
[0.282798833819242, 23
0.489795918367347, 22
0.597667638483965, 22
0.8017492711370261, 22
0.8309037900874635, 22
0.6472303206997084, 21
0.7784256559766762, 21
0.7988338192419826, 20
0.6559766763848396, 19
0.8950437317784257, 19
[0.2944606413994169, 19
0.358600583090379, 18
0.7463556851311954, 18
[0.2594752186588921, 18
0.21428571428571427, 16
0.4927113702623906, 16
0.5976676384839649, 16
0.8454810495626822, 16
0.6034985422740524, 15
0.8833819241982506, 15
[0.3177842565597668, 15
0.2565597667638484, 14
0.37317784256559766, 14
0.8979591836734694, 14
0.18367346938775508, 13
0.2303206997084548, 13
0.7842565597667639, 13
0.8862973760932944, 13
0.9285714285714286, 13
0.21282798833819244, 12
0.3848396501457726, 12
0.8717201166180758, 12
[0.34693877551020413, 12
0.5131195335276968, 11
[0.27405247813411077, 11
[0.3206997084548105, 11
[0.4052478134110787, 11
[0.7259475218658892, 11
0.8775510204081632, 10
0.9300291545189504, 10
[0.38775510204081637, 10
0.21574344023323613, 9
0.22448979591836735, 9
0.2448979591836735, 9
0.6559766763848397, 9
0.8833819241982507, 9
[0.27113702623906705, 9
[0.3323615160349854, 9
[0.33819241982507287, 9
0.17784256559766765, 8
0.2769679300291545, 8
0.6209912536443147, 8
[0.29737609329446063, 8
[0.30029154518950435, 8
[0.3032069970845481, 8
[0.3556851311953353, 8
[0.35714285714285715, 8
[0.3994169096209913, 8
[0.4227405247813411, 8
0.16034985422740525, 7
0.2215743440233236, 7
0.23615160349854225, 7
0.8279883381924199, 7
0.9067055393586004, 7
0.912536443148688, 7
0.9416909620991253, 7
[0.2448979591836735, 7
[0.3352769679300292, 7
[0.4256559766763849, 7
[0.7113702623906706, 7
[0.7551020408163265, 7
[0.8600583090379008, 7
0.39358600583090375, 6
0.7580174927113702, 6
[0.3119533527696793, 6
[0.3469387755102041, 6
[0.5, 6
[0.7230320699708456, 6
[0.7638483965014576, 6
[0.7871720116618075, 6
[0.8104956268221574, 6
[0.8134110787172012, 6
0.20116618075801748, 5
0.23906705539358603, 5
0.314868804664723, 5
0.641399416909621, 5
0.7638483965014577, 5
0.9212827988338192, 5
0.9737609329446064, 5
[0.2653061224489796, 5
[0.2915451895043732, 5
[0.34402332361516036, 5
[0.3615160349854228, 5
[0.36443148688046645, 5
[0.3760932944606414, 5
[0.6530612244897959, 5
[0.705539358600583, 5
[0.7521865889212828, 5
[0.7755102040816327, 5
[0.8075801749271136, 5
0.1661807580174927, 4
0.19533527696793002, 4
0.20408163265306123, 4
0.5014577259475218, 4
0.5043731778425655, 4
0.9183673469387755, 4
0.9562682215743441, 4
0.9591836734693878, 4
0.9650145772594751, 4
0.9766763848396501, 4
0.9825072886297376, 4
0.9912536443148687, 4
[0.20116618075801748, 4
[0.21282798833819244, 4
[0.24781341107871718, 4
[0.3411078717201166, 4
[0.3527696793002915, 4
[0.39067055393586003, 4
[0.6501457725947521, 4
[0.6997084548104956, 4
[0.7405247813411078, 4
[0.7725947521865889, 4
[0.7857142857142857, 4
[0.8250728862973761, 4
[0.8425655976676385, 4
0.1545189504373178, 3
0.18658892128279886, 3
0.18950437317784255, 3
0.23032069970845478, 3
0.4664723032069971, 3
0.5131195335276967, 3
0.6763848396501457, 3
0.9387755102040816, 3
0.988338192419825, 3
[0.21428571428571427, 3
[0.2303206997084548, 3
[0.2769679300291545, 3
[0.30612244897959184, 3
[0.3090379008746356, 3
[0.3177842565597667, 3
[0.32653061224489793, 3
[0.32944606413994165, 3
[0.358600583090379, 3
[0.36734693877551017, 3
[0.37317784256559766, 3
[0.39941690962099125, 3
[0.40233236151603496, 3
[0.4169096209912536, 3
[0.43440233236151604, 3
[0.43731778425655976, 3
[0.4489795918367347, 3
[0.4752186588921283, 3
[0.6326530612244898, 3
[0.6428571428571429, 3
[0.6588921282798833, 3
[0.6647230320699709, 3
[0.6822157434402332, 3
[0.6938775510204082, 3
[0.6967930029154518, 3
[0.717201166180758, 3
[0.7288629737609329, 3
[0.7988338192419825, 3
[0.8513119533527698, 3
[0.8979591836734694, 3
0.14868804664723032, 2
0.7492711370262392, 2
0.8658892128279884, 2
0.9008746355685131, 2
0.9037900874635569, 2
0.9067055393586007, 2
0.9271137026239068, 2
0.9416909620991254, 2
0.9475218658892128, 2
0.9533527696793003, 2
[0.18950437317784255, 2
[0.21574344023323613, 2
[0.23615160349854225, 2
[0.37026239067055394, 2
[0.3731778425655977, 2
[0.3790087463556851, 2
[0.3819241982507289, 2
[0.40816326530612246, 2
[0.41399416909620995, 2
[0.4198250728862974, 2
[0.44023323615160354, 2
[0.4431486880466472, 2
[0.446064139941691, 2
[0.5422740524781341, 2
[0.5626822157434402, 2
[0.5772594752186588, 2
[0.6268221574344023, 2
[0.6705539358600584, 2
[0.6793002915451894, 2
[0.6880466472303207, 2
[0.7201166180758017, 2
[0.7405247813411079, 2
[0.7434402332361516, 2
[0.760932944606414, 2
[0.7696793002915452, 2
[0.8163265306122449, 2
[0.8221574344023324, 2
[0.8309037900874635, 2
[0.8396501457725948, 2
[0.8454810495626822, 2
[0.8483965014577259, 2
[0.8542274052478135, 2
[0.8775510204081632, 2
0.16909620991253643, 1
0.24198250728862972, 1
0.27988338192419826, 1
0.9941690962099126, 1
0.9970845481049563, 1
[0.15160349854227406, 1
[0.1545189504373178, 1
[0.16034985422740525, 1
[0.17784256559766765, 1
[0.18658892128279886, 1
[0.19533527696793002, 1
[0.2215743440233236, 1
[0.22448979591836735, 1
[0.2565597667638484, 1
[0.3294460641399417, 1
[0.39358600583090375, 1
[0.41982507288629733, 1
[0.45772594752186585, 1
[0.4606413994169096, 1
[0.47813411078717205, 1
[0.489795918367347, 1
[0.4927113702623906, 1
[0.4927113702623907, 1
[0.49562682215743437, 1
[0.49854227405247814, 1
[0.5072886297376094, 1
[0.5102040816326531, 1
[0.5276967930029154, 1
[0.5306122448979592, 1
[0.5451895043731778, 1
[0.5801749271137027, 1
[0.5947521865889213, 1
[0.6005830903790087, 1
[0.6151603498542274, 1
[0.6180758017492712, 1
[0.6209912536443148, 1
[0.6239067055393586, 1
[0.6384839650145773, 1
[0.6559766763848396, 1
[0.6618075801749271, 1
[0.6676384839650146, 1
[0.685131195335277, 1
[0.696793002915452, 1
[0.7026239067055393, 1
[0.7084548104956269, 1
[0.7346938775510203, 1
[0.7376093294460642, 1
[0.7842565597667639, 1
[0.7900874635568513, 1
[0.7959183673469388, 1
[0.7988338192419826, 1
[0.8046647230320699, 1
[0.8338192419825072, 1
[0.8688046647230321, 1
[0.8833819241982506, 1
[0.912536443148688, 1
[0.9183673469387755, 1
[0.9271137026239068, 1
[0.9300291545189504, 1
madeupword0000 0
