0.42857142857142855, 622
0.5714285714285714, 596
0.7142857142857143, 427
0.43440233236151604, 301
0.4256559766763849, 299
0.717201166180758, 243
0.5, 230
0.7084548104956269, 220
0.6428571428571429, 193
0.43148688046647227, 178
0.39067055393586003, 173
0.446064139941691, 172
0.4169096209912536, 169
0.705539358600583, 166
0.2857142857142857, 161
0.43731778425655976, 160
0.41399416909620995, 155
0.565597667638484, 154
0.38775510204081637, 153
0.3994169096209913, 150
0.4227405247813411, 146
0.6967930029154518, 143
0.5685131195335277, 142
0.4489795918367347, 141
0.5772594752186588, 141
0.7259475218658892, 141
0.5743440233236151, 140
0.4693877551020408, 134
0.4431486880466472, 133
0.3032069970845481, 129
0.3177842565597668, 129
0.7113702623906706, 129
0.7521865889212828, 129
0.282798833819242, 124
0.4052478134110787, 123
0.5072886297376094, 123
0.7288629737609329, 122
0.7434402332361516, 122
0.3323615160349854, 119
0.40233236151603496, 118
0.673469387755102, 117
0.35714285714285715, 114
0.6822157434402332, 110
0.2886297376093294, 109
0.44023323615160354, 109
0.3760932944606414, 106
0.5860058309037901, 106
0.8571428571428571, 105
0.5568513119533528, 104
0.2944606413994169, 102
0.36443148688046645, 99
0.5306122448979592, 94
0.7551020408163265, 94
0.3790087463556851, 93
0.6122448979591837, 93
0.6997084548104956, 90
0.7405247813411078, 90
0.3556851311953353, 88
0.7201166180758017, 87
0.5626822157434402, 86
0.3206997084548105, 85
0.5801749271137027, 85
0.6005830903790087, 85
0.7230320699708456, 81
0.3527696793002915, 80
0.7959183673469388, 78
0.6938775510204082, 77
0.8250728862973761, 77
0.5422740524781341, 74
0.6705539358600584, 74
0.553935860058309, 73
0.6676384839650146, 73
0.30612244897959184, 72
0.5889212827988338, 72
0.6880466472303207, 72
0.4110787172011662, 71
0.7376093294460642, 71
0.33819241982507287, 70
0.3819241982507289, 70
0.4752186588921283, 70
0.7026239067055393, 70
0.5597667638483965, 68
0.6530612244897959, 68
0.2915451895043732, 67
0.34402332361516036, 67
0.3731778425655977, 67
0.3615160349854228, 66
0.6501457725947521, 66
0.7871720116618075, 64
0] 64
0.4198250728862974, 63
0.27405247813411077, 62
0.7638483965014576, 62
0.4606413994169096, 61
0.7857142857142857, 61
0.8104956268221574, 61
1] 61
4] 60
0.30029154518950435, 59
0.41982507288629733, 59
0.6355685131195336, 59
0.7696793002915452, 59
5] 59
8] 59
0.48396501457725943, 58
2] 58
3] 58
9] 58
0.3352769679300292, 57
0.45772594752186585, 57
0.46355685131195334, 57
0.5364431486880467, 57
10] 57
6] 57
0.3411078717201166, 56
0.34693877551020413, 56
0.46064139941690957, 56
0.6239067055393586, 56
0.6618075801749271, 56
7] 56
0.8600583090379008, 55
0.3090379008746356, 54
0.4810495626822157, 54
12] 54
0.32653061224489793, 53
0.6268221574344023, 53
0.6355685131195334, 53
0.8542274052478135, 53
0.3177842565597667, 52
0.47813411078717205, 52
0.5830903790087464, 52
0.7667638483965015, 52
0.6180758017492712, 51
0.760932944606414, 51
0.8425655976676385, 51
0.3119533527696793, 50
0.5918367346938774, 50
0.7900874635568513, 50
0.8134110787172012, 50
0.521865889212828, 49
0.3469387755102041, 48
0.685131195335277, 48
0.8483965014577259, 48
0.36734693877551017, 47
0.45481049562682213, 47
0.4927113702623907, 47
0.5189504373177842, 47
0.40816326530612246, 46
0.6793002915451894, 46
0.7405247813411079, 46
0.2594752186588921, 45
0.32944606413994165, 45
0.4723032069970845, 45
0.47230320699708456, 45
0.4897959183673469, 45
0.3294460641399417, 44
0.5335276967930029, 44
0.45189504373177847, 43
0.5102040816326531, 43
0.5160349854227405, 43
0.5247813411078718, 43
0.5481049562682215, 43
0.49854227405247814, 42
0.7346938775510203, 42
0.5451895043731778, 41
0.696793002915452, 41
0.7317784256559766, 41
0.4868804664723032, 40
0.7813411078717201, 40
0.8075801749271136, 40
0.7784256559766763, 39
0.8688046647230321, 39
0.6793002915451896, 37
0.27113702623906705, 36
0.4635568513119534, 36
0.8396501457725948, 36
0.37026239067055394, 35
0.5276967930029154, 35
0.6064139941690962, 35
0.6326530612244898, 35
0.8221574344023324, 35
0.8396501457725947, 35
0.8513119533527698, 35
0.6151603498542274, 34
0.6443148688046646, 34
[0.2857142857142857, 34
0.6588921282798833, 33
0.6588921282798834, 33
0.5393586005830904, 32
0.5947521865889213, 31
0.7988338192419825, 30
0.8046647230320699, 30
0.8163265306122449, 30
0.29737609329446063, 29
0.6384839650145773, 29
0.6909620991253644, 29
0.5043731778425656, 28
0.6034985422740525, 28
0.6209912536443148, 28
0.39941690962099125, 27
0.5510204081632653, 27
0.5510204081632654, 27
0.7755102040816327, 27
0.836734693877551, 27
0.4460641399416909, 26
[0.2886297376093294, 26
0.6647230320699709, 25
0.7725947521865889, 25
0.8338192419825072, 25
0.629737609329446, 24
0.6938775510204083, 24
0.8017492711370261, 24
0.24781341107871718, 23
0.597667638483965, 23
0.49562682215743437, 22
0.60932944606414, 22
0.6559766763848396, 22
0.7988338192419826, 22
0.8309037900874635, 21
[0.282798833819242, 21
0.14285714285714285, 20
0.2653061224489796, 20
0.358600583090379, 20
0.3965014577259475, 20
0.489795918367347, 20
0.7784256559766762, 20
0.8950437317784257, 20
0.5976676384839649, 19
0.6472303206997084, 19
[0.2944606413994169, 19
0.4927113702623906, 18
0.8454810495626822, 18
11] 18
0.37317784256559766, 17
0.7463556851311954, 17
0.8833819241982506, 16
0.21428571428571427, 15
[0.3177842565597668, 15
0.6034985422740524, 14
0.8775510204081632, 14
0.8862973760932944, 14
0.8979591836734694, 14
[0.2594752186588921, 14
[0.42857142857142855, 14
0.18367346938775508, 13
0.2565597667638484, 13
0.7842565597667639, 13
0.9285714285714286, 13
0.2303206997084548, 12
0.5131195335276968, 12
0.8717201166180758, 12
0.21282798833819244, 11
0.3848396501457726, 11
[0.27405247813411077, 11
[0.3206997084548105, 11
[0.5714285714285714, 11
[0.7259475218658892, 11
0.6559766763848397, 10
1.0, 10
[0.33819241982507287, 10
[0.34693877551020413, 10
0.6209912536443147, 9
0.8833819241982507, 9
0.9300291545189504, 9
[0.27113702623906705, 9
[0.29737609329446063, 9
[0.3323615160349854, 9
[0.3556851311953353, 9
[0.4052478134110787, 9
[0.7551020408163265, 9
0.17784256559766765, 8
0.2215743440233236, 8
0.2448979591836735, 8
0.2769679300291545, 8
0.7580174927113702, 8
0.912536443148688, 8
[0.30029154518950435, 8
[0.3615160349854228, 8
[0.3994169096209913, 8
[0.7113702623906706, 8
[0.8600583090379008, 8
0.21574344023323613, 7
0.23615160349854225, 7
0.9067055393586004, 7
0.9416909620991253, 7
[0.3352769679300292, 7
[0.35714285714285715, 7
[0.4256559766763849, 7
[0.8104956268221574, 7
0.1545189504373178, 6
0.16034985422740525, 6
0.22448979591836735, 6
0.8279883381924199, 6
0.9737609329446064, 6
[0.2448979591836735, 6
[0.3032069970845481, 6
[0.34402332361516036, 6
[0.3469387755102041, 6
[0.38775510204081637, 6
[0.4227405247813411, 6
[0.6530612244897959, 6
[0.7405247813411078, 6
[0.8134110787172012, 6
[0.8571428571428571, 6
0.1661807580174927, 5
0.20116618075801748, 5
0.23906705539358603, 5
0.39358600583090375, 5
0.641399416909621, 5
0.7638483965014577, 5
0.9183673469387755, 5
[0.2303206997084548, 5
[0.3119533527696793, 5
[0.3411078717201166, 5
[0.36443148688046645, 5
[0.705539358600583, 5
[0.7142857142857143, 5
[0.7230320699708456, 5
[0.7405247813411079, 5
[0.7521865889212828, 5
[0.7638483965014576, 5
[0.7755102040816327, 5
[0.7871720116618075, 5
[0.8075801749271136, 5
[0.8425655976676385, 5
0.314868804664723, 4
0.5014577259475218, 4
0.9037900874635569, 4
0.9067055393586007, 4
0.9212827988338192, 4
0.9591836734693878, 4
0.9766763848396501, 4
0.9825072886297376, 4
0.9912536443148687, 4
[0.20116618075801748, 4
[0.21282798833819244, 4
[0.24781341107871718, 4
[0.2653061224489796, 4
[0.2915451895043732, 4
[0.3090379008746356, 4
[0.3177842565597667, 4
[0.3527696793002915, 4
[0.3760932944606414, 4
[0.39067055393586003, 4
[0.40233236151603496, 4
[0.4489795918367347, 4
[0.4752186588921283, 4
[0.5, 4
[0.6501457725947521, 4
[0.6938775510204082, 4
[0.6997084548104956, 4
[0.717201166180758, 4
[0.7725947521865889, 4
[0.8250728862973761, 4
[0.8454810495626822, 4
0.18658892128279886, 3
0.18950437317784255, 3
0.19533527696793002, 3
0.20408163265306123, 3
0.4664723032069971, 3
0.5043731778425655, 3
0.5131195335276967, 3
0.6763848396501457, 3
0.7492711370262392, 3
0.9650145772594751, 3
0.988338192419825, 3
[0.21428571428571427, 3
[0.30612244897959184, 3
[0.32653061224489793, 3
[0.32944606413994165, 3
[0.358600583090379, 3
[0.36734693877551017, 3
[0.4169096209912536, 3
[0.43440233236151604, 3
[0.43731778425655976, 3
[0.6326530612244898, 3
[0.6428571428571429, 3
[0.6647230320699709, 3
[0.6822157434402332, 3
[0.6967930029154518, 3
[0.7288629737609329, 3
[0.7857142857142857, 3
[0.8221574344023324, 3
[0.8513119533527698, 3
[0.8979591836734694, 3
0.14868804664723032, 2
0.23032069970845478, 2
0.8658892128279884, 2
0.9008746355685131, 2
0.9271137026239068, 2
0.9387755102040816, 2
0.9416909620991254, 2
0.9475218658892128, 2
0.9533527696793003, 2
[0.18950437317784255, 2
[0.21574344023323613, 2
[0.23615160349854225, 2
[0.2769679300291545, 2
[0.37026239067055394, 2
[0.37317784256559766, 2
[0.3731778425655977, 2
[0.3790087463556851, 2
[0.3819241982507289, 2
[0.39941690962099125, 2
[0.40816326530612246, 2
[0.41399416909620995, 2
[0.44023323615160354, 2
[0.4431486880466472, 2
[0.446064139941691, 2
[0.5626822157434402, 2
[0.6268221574344023, 2
[0.6588921282798833, 2
[0.6793002915451894, 2
[0.7434402332361516, 2
[0.760932944606414, 2
[0.7696793002915452, 2
[0.7988338192419825, 2
[0.8309037900874635, 2
[0.8338192419825072, 2
[0.8396501457725948, 2
[0.8483965014577259, 2
[0.8542274052478135, 2
[0.8775510204081632, 2
[1.0, 2
0.16909620991253643, 1
0.24198250728862972, 1
0.27988338192419826, 1
0.9562682215743441, 1
0.9941690962099126, 1
0.9970845481049563, 1
[0.14285714285714285, 1
[0.15160349854227406, 1
[0.1545189504373178, 1
[0.16034985422740525, 1
[0.17784256559766765, 1
[0.18658892128279886, 1
[0.19533527696793002, 1
[0.2215743440233236, 1
[0.22448979591836735, 1
[0.2565597667638484, 1
[0.3294460641399417, 1
[0.39358600583090375, 1
[0.41982507288629733, 1
[0.4198250728862974, 1
[0.45772594752186585, 1
[0.4606413994169096, 1
[0.47813411078717205, 1
[0.489795918367347, 1
[0.4927113702623906, 1
[0.4927113702623907, 1
[0.49562682215743437, 1
[0.49854227405247814, 1
[0.5043731778425656, 1
[0.5072886297376094, 1
[0.5102040816326531, 1
[0.5189504373177842, 1
[0.5276967930029154, 1
[0.5306122448979592, 1
[0.5422740524781341, 1
[0.5772594752186588, 1
[0.5801749271137027, 1
[0.5947521865889213, 1
[0.6005830903790087, 1
[0.60932944606414, 1
[0.6151603498542274, 1
[0.6180758017492712, 1
[0.6384839650145773, 1
[0.6559766763848396, 1
[0.6618075801749271, 1
[0.6676384839650146, 1
[0.6705539358600584, 1
[0.685131195335277, 1
[0.6880466472303207, 1
[0.7026239067055393, 1
[0.7084548104956269, 1
[0.7201166180758017, 1
[0.7346938775510203, 1
[0.7376093294460642, 1
[0.7813411078717201, 1
[0.7900874635568513, 1
[0.7959183673469388, 1
[0.7988338192419826, 1
[0.8046647230320699, 1
[0.8163265306122449, 1
[0.8658892128279884, 1
[0.8688046647230321, 1
[0.8833819241982506, 1
[0.912536443148688, 1
[0.9300291545189504, 1
madeupword0000 0
madeupword0001 0
madeupword0002 0
