0.42857142857142855, 82895
0.5714285714285714, 82739
0.7142857142857143, 66565
0.2857142857142857, 42255
0.8571428571428571, 29310
0.14285714285714285, 9240
1.0, 5359
[0.2857142857142857, 4828
[0.42857142857142855, 2590
[0.14285714285714285, 2341
[0.7142857142857143, 1416
0] 1267
5] 1231
[0.5714285714285714, 1193
4] 1151
8] 1150
9] 1146
7] 1109
3] 1105
1] 1095
10] 1091
2] 1088
6] 1072
12] 1049
[0.8571428571428571, 728
11] 349
0.4256559766763849, 298
0.43440233236151604, 291
0.717201166180758, 251
0.5, 237
0.6428571428571429, 222
0.7084548104956269, 213
0.43148688046647227, 177
0.446064139941691, 176
0.39067055393586003, 173
0.4169096209912536, 166
[1.0, 161
0.41399416909620995, 160
0.3994169096209913, 156
0.565597667638484, 156
0.705539358600583, 154
0.43731778425655976, 151
0.4227405247813411, 150
0.38775510204081637, 148
0.5772594752186588, 143
0.5685131195335277, 142
0.7259475218658892, 140
0.4693877551020408, 134
0.6967930029154518, 133
0.4489795918367347, 132
0.3032069970845481, 131
0.3177842565597668, 131
0.4431486880466472, 130
0.5743440233236151, 128
0.282798833819242, 127
0.7288629737609329, 127
0.35714285714285715, 126
0.40233236151603496, 126
0.7434402332361516, 125
0.7113702623906706, 124
0.3323615160349854, 122
0.7521865889212828, 121
0.5072886297376094, 120
0.6822157434402332, 119
0.4052478134110787, 118
0.673469387755102, 117
0.2886297376093294, 115
0.2944606413994169, 111
0.5860058309037901, 110
0.44023323615160354, 107
0.5568513119533528, 101
0.7405247813411078, 101
0.36443148688046645, 99
0.3760932944606414, 98
0.3790087463556851, 98
0.6997084548104956, 96
0.5306122448979592, 91
0.6122448979591837, 91
0.7551020408163265, 91
0.7201166180758017, 90
0.3206997084548105, 89
0.7230320699708456, 88
0.3556851311953353, 86
0.6005830903790087, 85
0.8250728862973761, 83
0.5422740524781341, 82
0.3527696793002915, 80
0.5626822157434402, 79
0.7857142857142857, 78
0.7959183673469388, 78
0.6938775510204082, 76
0.7871720116618075, 76
0.5801749271137027, 75
0.6676384839650146, 75
0.34402332361516036, 73
0.3615160349854228, 73
0.6705539358600584, 73
0.3819241982507289, 71
0.3731778425655977, 70
0.33819241982507287, 69
0.27405247813411077, 68
0.553935860058309, 68
0.5889212827988338, 68
0.30612244897959184, 67
0.6880466472303207, 67
0.2915451895043732, 66
0.7376093294460642, 66
0.4752186588921283, 65
0.6501457725947521, 65
0.7638483965014576, 65
0.4110787172011662, 64
0.5597667638483965, 64
0.6530612244897959, 64
0.8104956268221574, 63
0.4198250728862974, 62
0.48396501457725943, 62
0.7026239067055393, 61
0.7696793002915452, 60
0.8600583090379008, 60
0.30029154518950435, 58
0.4606413994169096, 58
0.3411078717201166, 57
0.34693877551020413, 57
0.3352769679300292, 56
0.46064139941690957, 56
0.46355685131195334, 56
0.6355685131195336, 56
0.8542274052478135, 55
0.3090379008746356, 54
0.3119533527696793, 54
0.41982507288629733, 53
0.45772594752186585, 53
0.5830903790087464, 53
0.7667638483965015, 53
0.47813411078717205, 52
0.6180758017492712, 52
0.6618075801749271, 52
0.45481049562682213, 51
0.5364431486880467, 51
0.6355685131195334, 51
0.3469387755102041, 50
0.4897959183673469, 50
0.5189504373177842, 50
0.6239067055393586, 50
0.3177842565597667, 49
0.521865889212828, 49
0.8425655976676385, 49
0.32653061224489793, 48
0.36734693877551017, 48
0.40816326530612246, 48
0.4810495626822157, 48
0.5918367346938774, 48
0.6793002915451894, 48
0.685131195335277, 48
0.8483965014577259, 48
0.3294460641399417, 47
0.4723032069970845, 47
0.760932944606414, 47
0.8134110787172012, 46
0.47230320699708456, 45
0.5481049562682215, 45
0.6268221574344023, 45
0.7900874635568513, 45
0.4927113702623907, 43
0.2594752186588921, 42
0.32944606413994165, 42
0.5160349854227405, 42
0.5247813411078718, 42
0.696793002915452, 42
0.49854227405247814, 41
0.5335276967930029, 41
0.7405247813411079, 41
0.8221574344023324, 41
0.8688046647230321, 41
0.45189504373177847, 40
0.7317784256559766, 40
0.7346938775510203, 40
0.8396501457725948, 40
0.4868804664723032, 39
0.5102040816326531, 39
0.5451895043731778, 39
0.4635568513119534, 38
0.7784256559766763, 38
0.7813411078717201, 38
0.8075801749271136, 37
0.8513119533527698, 37
0.37026239067055394, 36
0.6064139941690962, 35
0.39941690962099125, 34
0.6151603498542274, 34
0.6443148688046646, 34
0.6588921282798833, 34
0.6793002915451896, 34
0.27113702623906705, 33
0.29737609329446063, 33
0.5276967930029154, 33
0.5393586005830904, 33
0.5947521865889213, 32
0.6326530612244898, 32
0.6588921282798834, 32
0.8163265306122449, 32
0.6909620991253644, 31
0.7755102040816327, 31
0.7988338192419825, 31
0.8396501457725947, 31
0.8338192419825072, 30
0.6384839650145773, 29
0.4460641399416909, 28
0.5510204081632653, 28
0.5510204081632654, 28
0.6209912536443148, 28
0.836734693877551, 28
0.6034985422740525, 27
0.8046647230320699, 27
[0.2886297376093294, 27
0.5043731778425656, 26
0.6647230320699709, 26
0.6938775510204083, 24
0.60932944606414, 23
0.629737609329446, 23
0.7725947521865889, 23
0.597667638483965, 22
0.7784256559766762, 22
[0.282798833819242, 22
0.358600583090379, 21
0.49562682215743437, 21
0.6559766763848396, 21
0.8017492711370261, 21
0.2653061224489796, 20
0.489795918367347, 20
0.8309037900874635, 20
0.8950437317784257, 20
0.24781341107871718, 19
0.37317784256559766, 19
0.3965014577259475, 19
0.6472303206997084, 18
0.7988338192419826, 18
[0.2944606413994169, 18
0.4927113702623906, 17
0.5976676384839649, 17
[0.3177842565597668, 17
0.6034985422740524, 16
0.8454810495626822, 16
0.8775510204081632, 16
0.8833819241982506, 16
0.21428571428571427, 15
0.7463556851311954, 15
[0.2594752186588921, 15
0.7842565597667639, 14
0.8979591836734694, 14
0.2565597667638484, 13
0.8717201166180758, 13
0.9285714285714286, 13
0.18367346938775508, 12
0.21282798833819244, 12
0.2303206997084548, 12
0.3848396501457726, 12
0.8862973760932944, 12
0.5131195335276968, 11
0.6559766763848397, 11
[0.3206997084548105, 11
[0.7259475218658892, 11
0.21574344023323613, 10
0.9300291545189504, 10
[0.27113702623906705, 10
[0.34693877551020413, 10
0.17784256559766765, 9
0.2448979591836735, 9
0.6209912536443147, 9
0.8833819241982507, 9
[0.3032069970845481, 9
[0.3323615160349854, 9
[0.33819241982507287, 9
[0.3556851311953353, 9
[0.35714285714285715, 9
[0.38775510204081637, 9
0.2215743440233236, 8
0.22448979591836735, 8
0.2769679300291545, 8
0.7580174927113702, 8
[0.27405247813411077, 8
[0.30029154518950435, 8
[0.4052478134110787, 8
[0.4227405247813411, 8
[0.7113702623906706, 8
[0.7551020408163265, 8
0.23615160349854225, 7
0.39358600583090375, 7
0.8279883381924199, 7
0.912536443148688, 7
[0.2448979591836735, 7
[0.29737609329446063, 7
[0.3352769679300292, 7
[0.3615160349854228, 7
[0.4256559766763849, 7
[0.8600583090379008, 7
0.1545189504373178, 6
0.16034985422740525, 6
0.1661807580174927, 6
0.9067055393586004, 6
0.9416909620991253, 6
[0.3119533527696793, 6
[0.3411078717201166, 6
[0.36443148688046645, 6
[0.3994169096209913, 6
[0.5, 6
[0.6530612244897959, 6
[0.7405247813411078, 6
[0.7871720116618075, 6
[0.8104956268221574, 6
[0.8134110787172012, 6
0.20116618075801748, 5
0.23906705539358603, 5
0.641399416909621, 5
0.9212827988338192, 5
0.9737609329446064, 5
[0.2303206997084548, 5
[0.3469387755102041, 5
[0.3760932944606414, 5
[0.705539358600583, 5
[0.7405247813411079, 5
[0.7521865889212828, 5
[0.7638483965014576, 5
[0.7755102040816327, 5
[0.8075801749271136, 5
0.18950437317784255, 4
0.19533527696793002, 4
0.20408163265306123, 4
0.7638483965014577, 4
0.9067055393586007, 4
0.9183673469387755, 4
0.9562682215743441, 4
0.9591836734693878, 4
0.9650145772594751, 4
0.9825072886297376, 4
0.9912536443148687, 4
[0.20116618075801748, 4
[0.21282798833819244, 4
[0.2653061224489796, 4
[0.2915451895043732, 4
[0.30612244897959184, 4
[0.3177842565597667, 4
[0.34402332361516036, 4
[0.358600583090379, 4
[0.36734693877551017, 4
[0.39067055393586003, 4
[0.40233236151603496, 4
[0.4489795918367347, 4
[0.6997084548104956, 4
[0.7288629737609329, 4
[0.7725947521865889, 4
[0.7857142857142857, 4
[0.8454810495626822, 4
0.18658892128279886, 3
0.23032069970845478, 3
0.314868804664723, 3
0.4664723032069971, 3
0.5014577259475218, 3
0.5043731778425655, 3
0.7492711370262392, 3
0.9037900874635569, 3
0.9387755102040816, 3
0.9766763848396501, 3
0.988338192419825, 3
[0.21428571428571427, 3
[0.24781341107871718, 3
[0.2769679300291545, 3
[0.3090379008746356, 3
[0.3527696793002915, 3
[0.39941690962099125, 3
[0.4169096209912536, 3
[0.43440233236151604, 3
[0.43731778425655976, 3
[0.4752186588921283, 3
[0.6268221574344023, 3
[0.6326530612244898, 3
[0.6428571428571429, 3
[0.6501457725947521, 3
[0.6588921282798833, 3
[0.6647230320699709, 3
[0.6938775510204082, 3
[0.717201166180758, 3
[0.7230320699708456, 3
[0.7988338192419825, 3
[0.8221574344023324, 3
[0.8250728862973761, 3
[0.8425655976676385, 3
[0.8979591836734694, 3
0.14868804664723032, 2
0.5131195335276967, 2
0.6763848396501457, 2
0.8658892128279884, 2
0.9008746355685131, 2
0.9271137026239068, 2
0.9416909620991254, 2
0.9475218658892128, 2
0.9533527696793003, 2
[0.21574344023323613, 2
[0.32653061224489793, 2
[0.32944606413994165, 2
[0.37026239067055394, 2
[0.37317784256559766, 2
[0.3731778425655977, 2
[0.3790087463556851, 2
[0.3819241982507289, 2
[0.40816326530612246, 2
[0.41399416909620995, 2
[0.4198250728862974, 2
[0.44023323615160354, 2
[0.446064139941691, 2
[0.5422740524781341, 2
[0.5772594752186588, 2
[0.6705539358600584, 2
[0.6793002915451894, 2
[0.6880466472303207, 2
[0.7201166180758017, 2
[0.7376093294460642, 2
[0.760932944606414, 2
[0.7696793002915452, 2
[0.8163265306122449, 2
[0.8309037900874635, 2
[0.8338192419825072, 2
[0.8396501457725948, 2
[0.8542274052478135, 2
[0.8775510204081632, 2
0.16909620991253643, 1
0.24198250728862972, 1
0.27988338192419826, 1
0.9941690962099126, 1
0.9970845481049563, 1
[0.15160349854227406, 1
[0.1545189504373178, 1
[0.16034985422740525, 1
[0.17784256559766765, 1
[0.18658892128279886, 1
[0.18950437317784255, 1
[0.19533527696793002, 1
[0.2215743440233236, 1
[0.22448979591836735, 1
[0.23615160349854225, 1
[0.2565597667638484, 1
[0.3294460641399417, 1
[0.39358600583090375, 1
[0.4431486880466472, 1
[0.45772594752186585, 1
[0.47813411078717205, 1
[0.489795918367347, 1
[0.4927113702623906, 1
[0.4927113702623907, 1
[0.49562682215743437, 1
[0.49854227405247814, 1
[0.5043731778425656, 1
[0.5102040816326531, 1
[0.5189504373177842, 1
[0.5306122448979592, 1
[0.5451895043731778, 1
[0.5626822157434402, 1
[0.5801749271137027, 1
[0.5947521865889213, 1
[0.6005830903790087, 1
[0.60932944606414, 1
[0.6151603498542274, 1
[0.6180758017492712, 1
[0.6209912536443148, 1
[0.6239067055393586, 1
[0.6384839650145773, 1
[0.6559766763848396, 1
[0.6618075801749271, 1
[0.6676384839650146, 1
[0.6822157434402332, 1
[0.685131195335277, 1
[0.6967930029154518, 1
[0.696793002915452, 1
[0.7084548104956269, 1
[0.7346938775510203, 1
[0.7434402332361516, 1
[0.7813411078717201, 1
[0.7842565597667639, 1
[0.7900874635568513, 1
[0.7959183673469388, 1
[0.7988338192419826, 1
[0.8046647230320699, 1
[0.8483965014577259, 1
[0.8513119533527698, 1
[0.8658892128279884, 1
[0.8688046647230321, 1
[0.8833819241982506, 1
[0.9183673469387755, 1
[0.9271137026239068, 1
[0.9300291545189504, 1
madeupword0000 0
madeupword0001 0
